<svg width="250" height="80" viewBox="0 0 250 80" fill="none" xmlns="http://www.w3.org/2000/svg">
<path d="M109.51 50.6137C107.453 50.6137 105.777 50.157 104.483 49.2436C103.188 48.3303 102.394 47.0442 102.102 45.3854L105.454 44.8657C105.662 45.7476 106.143 46.4458 106.894 46.9602C107.657 47.4641 108.602 47.7161 109.729 47.7161C110.752 47.7161 111.551 47.5061 112.125 47.0862C112.71 46.6662 113.002 46.0888 113.002 45.3539C113.002 44.9235 112.898 44.577 112.689 44.3146C112.491 44.0416 112.068 43.7844 111.421 43.5429C110.773 43.3015 109.787 43.0022 108.461 42.6453C107.009 42.2673 105.856 41.8631 104.999 41.4327C104.154 40.9918 103.548 40.4826 103.183 39.9052C102.828 39.3172 102.65 38.6086 102.65 37.7792C102.65 36.7503 102.922 35.8527 103.465 35.0863C104.008 34.3199 104.77 33.7268 105.751 33.3068C106.743 32.8869 107.902 32.6769 109.228 32.6769C110.523 32.6769 111.676 32.8816 112.689 33.2911C113.702 33.7005 114.522 34.2832 115.148 35.0391C115.775 35.7845 116.15 36.6611 116.276 37.669L112.924 38.2831C112.809 37.4642 112.428 36.8186 111.781 36.3462C111.134 35.8737 110.293 35.6165 109.259 35.5745C108.267 35.5325 107.464 35.7005 106.847 36.0784C106.231 36.4459 105.923 36.9551 105.923 37.606C105.923 37.9839 106.038 38.3041 106.268 38.5666C106.508 38.8291 106.968 39.081 107.646 39.3225C108.325 39.564 109.327 39.8527 110.653 40.1886C112.073 40.5561 113.201 40.9655 114.036 41.417C114.871 41.8579 115.467 42.3881 115.822 43.0075C116.187 43.6164 116.37 44.3566 116.37 45.2279C116.37 46.9077 115.759 48.2253 114.537 49.1806C113.326 50.136 111.65 50.6137 109.51 50.6137Z" fill="#9C9C9C"/>
<path d="M127.775 50.6295C126.157 50.6295 124.8 50.2358 123.703 49.4484C122.607 48.6505 121.777 47.5744 121.213 46.2201C120.649 44.8657 120.367 43.3382 120.367 41.6374C120.367 39.9367 120.644 38.4091 121.198 37.0548C121.761 35.7005 122.586 34.6349 123.672 33.858C124.768 33.0706 126.115 32.6769 127.713 32.6769C129.3 32.6769 130.668 33.0706 131.816 33.858C132.975 34.6349 133.868 35.7005 134.494 37.0548C135.121 38.3986 135.434 39.9262 135.434 41.6374C135.434 43.3382 135.121 44.871 134.494 46.2358C133.878 47.5901 132.996 48.661 131.847 49.4484C130.709 50.2358 129.352 50.6295 127.775 50.6295ZM119.819 57.716V33.1493H122.732V45.3854H123.108V57.716H119.819ZM127.321 47.6531C128.365 47.6531 129.227 47.3854 129.905 46.85C130.594 46.3145 131.106 45.5954 131.44 44.6925C131.785 43.7791 131.957 42.7608 131.957 41.6374C131.957 40.5246 131.785 39.5167 131.44 38.6138C131.106 37.711 130.589 36.9918 129.89 36.4564C129.19 35.921 128.297 35.6532 127.212 35.6532C126.188 35.6532 125.343 35.9052 124.674 36.4091C124.017 36.9131 123.526 37.6165 123.202 38.5194C122.889 39.4222 122.732 40.4616 122.732 41.6374C122.732 42.8133 122.889 43.8526 123.202 44.7555C123.515 45.6584 124.011 46.367 124.69 46.8815C125.369 47.3959 126.246 47.6531 127.321 47.6531Z" fill="#9C9C9C"/>
<path d="M143.669 50.6295C142.416 50.6295 141.366 50.3985 140.521 49.9365C139.675 49.4641 139.033 48.8447 138.594 48.0783C138.166 47.3014 137.952 46.451 137.952 45.5271C137.952 44.6663 138.104 43.9104 138.406 43.2595C138.709 42.6085 139.158 42.0574 139.753 41.6059C140.348 41.144 141.079 40.7713 141.946 40.4878C142.698 40.2674 143.548 40.0731 144.499 39.9052C145.449 39.7372 146.446 39.5797 147.49 39.4327C148.544 39.2858 149.589 39.1388 150.622 38.9918L149.432 39.6532C149.453 38.3199 149.171 37.333 148.586 36.6926C148.012 36.0417 147.02 35.7162 145.611 35.7162C144.723 35.7162 143.909 35.9262 143.167 36.3462C142.426 36.7556 141.909 37.438 141.617 38.3934L138.563 37.4485C138.981 35.9892 139.774 34.8291 140.943 33.9682C142.123 33.1073 143.689 32.6769 145.642 32.6769C147.156 32.6769 148.471 32.9394 149.589 33.4643C150.716 33.9787 151.541 34.7976 152.063 35.921C152.335 36.4774 152.502 37.0653 152.564 37.6847C152.627 38.3041 152.658 38.9708 152.658 39.6847V50.157H149.761V46.2673L150.325 46.7712C149.625 48.0731 148.732 49.0442 147.647 49.6846C146.571 50.3145 145.245 50.6295 143.669 50.6295ZM144.248 47.9366C145.177 47.9366 145.976 47.7738 146.644 47.4484C147.312 47.1124 147.85 46.6872 148.257 46.1728C148.665 45.6584 148.931 45.123 149.056 44.5665C149.234 44.0626 149.333 43.4957 149.354 42.8658C149.385 42.2358 149.401 41.7319 149.401 41.354L150.466 41.7477C149.432 41.9051 148.492 42.0469 147.647 42.1729C146.801 42.2988 146.033 42.4248 145.344 42.5508C144.666 42.6663 144.06 42.808 143.528 42.976C143.079 43.1335 142.677 43.3224 142.322 43.5429C141.977 43.7634 141.7 44.0311 141.492 44.3461C141.293 44.661 141.194 45.0442 141.194 45.4957C141.194 45.9366 141.304 46.346 141.523 46.724C141.742 47.0914 142.076 47.3854 142.525 47.6059C142.974 47.8263 143.549 47.9366 144.248 47.9366Z" fill="#9C9C9C"/>
<path d="M161.502 50.6295C160.249 50.6295 159.2 50.3985 158.354 49.9365C157.508 49.4641 156.866 48.8447 156.428 48.0783C155.999 47.3014 155.785 46.451 155.785 45.5271C155.785 44.6663 155.937 43.9104 156.24 43.2595C156.542 42.6085 156.991 42.0574 157.586 41.6059C158.182 41.144 158.912 40.7713 159.779 40.4878C160.531 40.2674 161.382 40.0731 162.332 39.9052C163.282 39.7372 164.279 39.5797 165.323 39.4327C166.378 39.2858 167.422 39.1388 168.456 38.9918L167.265 39.6532C167.286 38.3199 167.004 37.333 166.42 36.6926C165.845 36.0417 164.853 35.7162 163.444 35.7162C162.556 35.7162 161.742 35.9262 161.001 36.3462C160.259 36.7556 159.743 37.438 159.45 38.3934L156.396 37.4485C156.814 35.9892 157.607 34.8291 158.777 33.9682C159.957 33.1073 161.523 32.6769 163.475 32.6769C164.989 32.6769 166.305 32.9394 167.422 33.4643C168.549 33.9787 169.374 34.7976 169.896 35.921C170.168 36.4774 170.335 37.0653 170.398 37.6847C170.46 38.3041 170.492 38.9708 170.492 39.6847V50.157H167.594V46.2673L168.158 46.7712C167.458 48.0731 166.566 49.0442 165.48 49.6846C164.404 50.3145 163.078 50.6295 161.502 50.6295ZM162.081 47.9366C163.011 47.9366 163.809 47.7738 164.478 47.4484C165.146 47.1124 165.683 46.6872 166.091 46.1728C166.498 45.6584 166.764 45.123 166.889 44.5665C167.067 44.0626 167.166 43.4957 167.187 42.8658C167.218 42.2358 167.234 41.7319 167.234 41.354L168.299 41.7477C167.265 41.9051 166.326 42.0469 165.48 42.1729C164.634 42.2988 163.867 42.4248 163.178 42.5508C162.499 42.6663 161.893 42.808 161.361 42.976C160.912 43.1335 160.51 43.3224 160.155 43.5429C159.81 43.7634 159.534 44.0311 159.325 44.3461C159.127 44.661 159.027 45.0442 159.027 45.4957C159.027 45.9366 159.137 46.346 159.356 46.724C159.575 47.0914 159.91 47.3854 160.359 47.6059C160.808 47.8263 161.382 47.9366 162.081 47.9366Z" fill="#9C9C9C"/>
<path d="M174.558 50.157V33.1493H177.471V37.2753L177.064 36.7398C177.273 36.1939 177.544 35.6952 177.879 35.2438C178.213 34.7819 178.599 34.4039 179.038 34.11C179.466 33.795 179.941 33.5535 180.463 33.3856C180.995 33.2071 181.538 33.1021 182.092 33.0706C182.645 33.0286 183.177 33.0549 183.689 33.1493V36.2359C183.136 36.0889 182.52 36.0469 181.841 36.1099C181.173 36.1729 180.557 36.3881 179.993 36.7556C179.46 37.102 179.038 37.522 178.724 38.0154C178.422 38.5089 178.202 39.06 178.067 39.6689C177.931 40.2674 177.863 40.9025 177.863 41.5744V50.157H174.558Z" fill="#9C9C9C"/>
<path d="M186.656 50.157L186.672 27.4801H189.992V41.3382L196.632 33.1493H200.798L193.782 41.6532L201.519 50.157H197.071L189.992 41.9681V50.157H186.656Z" fill="#9C9C9C"/>
<path d="M210.294 50.6295C208.613 50.6295 207.135 50.262 205.861 49.5271C204.598 48.7817 203.611 47.7476 202.901 46.4248C202.202 45.0915 201.852 43.5482 201.852 41.7949C201.852 39.9367 202.197 38.3251 202.886 36.9603C203.585 35.5955 204.556 34.5404 205.799 33.795C207.041 33.0496 208.487 32.6769 210.137 32.6769C211.86 32.6769 213.327 33.0811 214.538 33.8895C215.749 34.6874 216.652 35.8265 217.247 37.3068C217.853 38.7871 218.093 40.5456 217.968 42.5823H214.695V41.3855C214.674 39.4117 214.298 37.9524 213.567 37.0076C212.846 36.0627 211.745 35.5903 210.262 35.5903C208.623 35.5903 207.391 36.1099 206.566 37.1493C205.741 38.1886 205.329 39.6899 205.329 41.6532C205.329 43.5219 205.741 44.9707 206.566 45.9996C207.391 47.0179 208.581 47.5271 210.137 47.5271C211.16 47.5271 212.043 47.2962 212.784 46.8342C213.536 46.3618 214.12 45.6899 214.538 44.8185L217.749 45.8421C217.091 47.3644 216.094 48.5455 214.757 49.3854C213.421 50.2148 211.933 50.6295 210.294 50.6295ZM204.264 42.5823V40.0154H216.339V42.5823H204.264Z" fill="#9C9C9C"/>
<path d="M186.674 20.866H190.015V27.6376H186.674V20.866Z" fill="#9C9C9C"/>
<path d="M119.8 57.716H123.088V64.4876H119.8V57.716Z" fill="#9C9C9C"/>
<path d="M79.9543 35.8868L98.154 17.5869L100.835 20.2827L81.7194 39.5037C81.2838 37.8813 79.8099 36.6875 78.0587 36.6875C75.9646 36.6875 74.2671 38.3944 74.2671 40.5C74.2671 42.6056 75.9646 44.3125 78.0587 44.3125C79.8099 44.3125 81.2838 43.1186 81.7194 41.4962L100.849 60.7314L98.168 63.4272L79.9543 45.113L79.9543 71H76.1628V45.091L57.9381 63.4162L55.2571 60.7204L73.4706 42.4062H18V38.5937H73.4707L55.2711 20.2937L57.9522 17.5979L76.1628 35.9089V10H79.9543V35.8868Z" fill="#9C9C9C"/>
</svg>
